646838292796925553710799055428281522
535950886821599540754659880853268131975763598019367
175690979472590341381298643031253278266572383364030103053
138298843618471863871448405973388436657075478297338311106843
77416279175673020445032690717724903827341600360074065910232817
19417662796702974708565873757256549119088658355007752548106952169
904734048288266843346650653893614717825150708069444938667107914187
15042546717744472813408385120700812728032782928979717336597287386453
140493796586104464085011402564572468772267902753796733014657664393283
1338284904809577754219645984441575251909969555349337589391828335320099
13052533629956443894214443615431149806675615557680088111456652503333041
117421922724775065606255195080843850659042943208563429961111830427567639
562809284345928091523225839631988963419408202218040012629389683339870389
2718039945639601025796312046837216744626112852451177510538289086087727679
11532042044572601407187923754732628386596404925804190106100742771907464387
44450134333066979811409296789185296078312429488568576066723558710243159481
179742757417089269909964039302219600552548257674597875646827675183024006531
654221044973000875874479440813831216097170831049370299791935681649809894407
2377666475645848792849203426877668854740246093229263108204120347145823577949
8149832574180114645009516349845615474256424630898979312018335831408336408227
25118152297266675701846901298141044349241695226135925860851096962306886852291
78636737925612305357944738436797963750459351949582504823415310635945264346851
233706484106885229841847795648208465469272941603742079072694725680454047332611
580562013479821768965371231656850537138533108189708402290301996972599747947471
1549498389539356755970826913144879618371329755954524070181381102063479297116197
4211337782767296721198584348621878734646441910630014808535178975975370144412321
8885553220910171214113293957903776515680357120935524622947397519549537062223437
20252710776472403940113941477065950028353730034476838425578888054995259217799627
42331349853940450719977613414666056085364469159069973514770586586270670845772079
81336247031946220792407585452440627211121317504692370913090807383186093625856111
177773117468468103479257330002976757159267878653188883645099114595524314959917587
322619544035322380111414674998139193447428119436601069642244017028272751079999651
587619715185480663842807607794182401708825792586398084004172232044045453424280969
1298100205209665642755147329392411474321151816537717419558214063247223140515735073
2566278716211063218089396913686377259050852164334098524339873499809063736621405909
4348012350391412327439249767435861254569953597113228159333570544155322296862739799
7375525121959707314692089815544580647851860526464745401621674991443827336758094489
12505476420041182374305094067774188797788877246789317944141764395907530145168633369
20753077428219312029588209906281047914963793121234774976859683295660075105007881141
38081433912074502479170479110366313446882652492706004618114736076218557171497776797
62972884590219053534557258219855498486737532847506741729247672169328590020547534947
102118535150889090738043818038983655148084295767901261164643769547421959829807272781
189569877420971108774637767215625088610954560332910480643321245711612239796180027539
307690752337147955089496152290242410283806810728307998609334901847029634118596746903
502656101895422739068557194480949215588869327277900113001107514552095651538779975863
860678677645915448757971640470465449043971683654616041618119765243687454434962672153
1385376695940371602286043526381516591533428678146201573057697913589181748316881002657
2554761690646981672345104286671748590197334255702460483747996062116993741453265604319
3895793921627627985741540113614526304919633192150510388998912628095896856183912624399
6181927050928446153594271006651317766493349271599249905584382632110277564615457436133
10413805838272977281148595338625924512731582379388599076878168533996720646735890089517
17554707123336628024613614885427096344641061314504863730495846177175070855256797665991
28736515541731831268018566798865146732194567962307686943586808258461634529989958793991
48466422228127228882624814935936526333158263932306914374815910960453951097611064821793
65961479786575239096780680498929020598868813775945414061678445343096864394793636404859
101099940471852124482404359820564156448645505340522480075047598163487006949867002808131
144669971779557864330912591247895886482339809958039332725312050815096689094417481628643
209968489278217349208397315133724346206625703562836790741634486852731742254273460377743
299159325270222227677957303492070878397429297581784145717685302324239073539724333264593
440296113525748710387593907996761932384216366475346461122745803234406385826362396002299
632133042763884051542585367784342587300667899491289738497157724288776735955524671879797
843095431575460593524396087553384156426998226023516844795298811314630755737235845727643
1206868850129950057629782650617788681826112982269392355949556497774581621020376342828733
1822991823234063866785472288247618417793849484291156612607261246073440088242819203058019
2613990992528745269450123952382434135669968811831143110849824547767140043969871530468761
3581576818181873270910352278938065691007287817911436720776079054286852799395561890983807
4894244624492945906707368587099357697585950660838923155451969273961401327336412331909909
7210057798443220653476086058638981249625421408564879576666171739920352331164670039991167
10341332267488725318951723522437531226336955415168574337770556857507424908516882172576003
14767491158955360576096255680441730771499805682911752908597012671648933919117405793727231
20170421685079978370391493575302892798630270614526121367061402220653785432483834542128419
29106664572715944936631238761434567844368736018085262427146080952098886752427003894356461
41791086295124677454507944426415347099365313086591182029430825860833397722268366472173417
57362655534703836629492507032393450614695776202090682900125691087419580121055980504777493
78671711470806491160965338729366700800045415261134106662511443898271095728735436859849379
114126804453476393494589540890694379261316990983152258403648543597389455763344548565627127
145397943138528701454696142349232555980002120573656649003825586990731939787635117859729573
190011779563633018631555913308699628080453726426356786726347495537673173593002363905538963
251163377579408982068493348600609114366986749814152364342310659951357727867445856477772943
345876002868390122508136128610841586115779061632550938867103464072517852998986629210733767
429634014489602956911958511412533968872939682692074955672858794813728443664522946852207977
583541316965537313912400303656001268418034901192319759805095130494617232362288868282944591
758733714816756788633220903407765429458709094466169988963204767850931406532893577526787947
968862324232716291170099267327022799298744133823280098134963444189529845910356683167725521
1284621820806812530813859475114156178749870329254486816684359081535192200354505822634503021
1731972919427124398373603284996431466561340150184822775614683193648131642966379736747272973
2144905226786040339406848831984707395871533272187709377804951822169406063656834570725521521
2785308964703624201253102210454684584402671250403105498712800039564730832711023748765466931
3455858954973407719441863030309670218519952107330947810127741838249709946416600357969292143
4394450981427948752912534473886286312263563783451727728966806498805395864528052681315192449
5946281202258841275794830425748020130813812979406479242325962788454548186178132770278518419
7266821675374849567444011005901227709831966559217359189988353874634852058995533445047252777
9183453358717002303908235810765539953179131653984748364338568451551794062010899034796435559
11341404783559045592798165734150589088052302319299925863527936152564715817627385531849619621
14103559270886127058105419479705101887994439085400837701913688130884732099410697410397213461
18104959099634980685963279612986927559434930109578307726379209728290842957663825866886529929
21820253060504391256588085910012275683782023171976047111002750426934676223816691262105104221
26165642109057739554791960569934468445955213851348654947259804939540599284370014170890788741
32117221672292373864335039447987881362727450967240582784725997174760047360851842191610302179
41136076743878100692991823010563136177722896827130181891035106068060210165374700484032805651
52562149906260931136951855077029453973294563913518250534731325080112039986468609579050264641
66723141399418937648038070213545942433395212666733928885433447494356847150801410994956866953
82743654577369249549326213733637715237316618308031525217493236476408326223326337913424460859
102489568770274796095686508564880022872722721486654542126135625027844143562144121568394114949
122388926531244376909078328067932122805076619099986787128793769429065763749227504682145510327
153940958747567466209629170204340762673731176237601332941517395994091946307804170239654470361
186483249376172355075213256943921209789369449436203867287689527229695808931425322161266524069
221473720113052958596789971270303481137734380346100900149746262582819926859835755575133948521
272966546749417817740666625597771328130416557042823150314081186756320501922906338249060799509
338694047989342511651174077026979281408607195958529878604760291255524329648708917685868107209
405613490750418994742187337992813808064912079856726324455906613463307947782809270734536774339
477052054629514757652125418558103215572023275771311067732640831459217199253014664074188236969
615223420110490775478351622877961518079102563298106708004593638480774725827681095537729737003
740524935317367146693047895302483648845193114583177278353149688197832031708190351681196626089
913807371461809752631832994441389879790770448731177673000840017849536622090039752446857009813
1163552406345350208845445392509500207499909622455423504894942637456576407641676360327598511581
1437094769191041100797649871439903211684782424035273037301477675155744887044164953782299101419
1778716056890828151681409678550966737385883773568278444009600234959351085204574192800249989001
2101753352399593218617095400517810893388766111535053254205147305564354243322983276567710128637
2454823683563964050624915440152003249498874582003871977660512721949041725510706142338298379919
3085145574633142379871145020098192617680826480838795494693232625055576196036425818467591050279
3709446786012186051251447408522019765242562923675695172974683492627722725068069880492093088129
4794797648000144732851234266761683598026054668268803438998110941677898903244237239406926421369
5862336571994757523442933838780517690278286830739548902644441049429110861965714127501381847183
6868789621650510168405085367768412428709838535476089298507586423286907053164559837775602219697
8487165056867636522480593421132175511369921007749670728460717109948043239819107976925545660241
10203687150102137552219546846067806701969571973455110882299697267145924739364487018172844452613
12277669457677108448975069771925467929381081449946862608314754004544815619824116274359301523613
14582309653303918714306821326936999175068231274307341476353642523830649164819621923937379779171
16954198526958024052253368718512380331903512854570737475999509649450354215651553216365658847037
381755942508045954019247866655797490916902770621934228857298404982253766823966084538484009
