2;7;11;13;19;29;43;47;53;59;
61;67;73;103;107;109;127;131;137;149;
163;167;173;179;181;191;197;199;223;229;
239;257;271;283;307;311;317;331;337;353;
383;389;397;431;443;449;457;461;467;569;
577;587;593;599;601;607;613;631;641;643;
647;673;677;683;709;733;739;761;773;787;
797;811;821;823;827;839;857;859;863;877;
881;887;907;911;977;1033;1039;1049;1051;1061;
1087;1093;1117;1123;1129;1153;1163;1171;1181;1213;
1229;1259;1277;1279;1283;1297;1303;1307;1319;1327;
1367;1373;1381;1409;1427;1433;1451;1471;1483;1487;
1489;1511;1543;1549;1559;1567;1583;1597;1609;1621;
1657;1663;1667;1669;1697;
