116 115
7 1 2 5 20 23 27 38 
5 11 25 26 68 76 
6 1 2 6 13 105 109 
6 3 10 18 24 57 97 
5 1 30 36 47 83 
7 1 3 7 11 21 36 46 
6 8 10 11 13 31 106 
5 1 18 34 49 86 
5 4 8 54 58 93 
6 1 3 16 74 110 114 
6 3 13 19 39 47 55 
6 2 7 9 19 45 110 
7 1 2 12 22 23 42 97 
8 1 2 5 6 16 17 28 39 
6 1 21 33 35 40 93 
4 11 29 35 114 
5 26 48 53 63 86 
4 16 23 55 101 
7 7 8 13 14 15 21 94 
7 1 2 4 19 44 63 79 
7 1 9 13 18 20 65 87 
6 8 11 27 32 42 61 
5 5 7 20 75 88 
7 1 3 16 22 27 39 56 
6 1 26 31 57 62 73 
6 1 4 17 22 30 60 
7 1 2 3 15 40 111 112 
4 45 49 54 60 
5 5 17 32 34 66 
6 5 7 9 10 29 98 
7 3 4 10 23 36 56 60 
5 16 19 40 88 105 
7 1 6 8 12 65 82 100 
4 2 72 85 109 
6 1 3 14 19 26 57 
7 1 2 4 37 40 72 85 
6 2 4 18 33 61 81 
8 1 2 5 12 13 20 42 80 
7 1 3 8 15 16 18 37 
7 1 13 17 26 36 39 77 
6 8 12 13 72 79 88 
7 1 6 16 18 19 83 96 
8 2 5 8 9 12 15 20 22 
7 4 6 8 13 54 61 68 
7 3 4 7 9 14 17 86 
7 1 7 8 30 56 58 88 
8 1 2 4 8 9 12 56 87 
6 1 2 7 18 44 59 
6 1 30 57 82 92 114 
6 8 11 21 44 86 109 
6 8 14 21 28 50 61 
7 1 3 9 13 34 54 65 
6 1 10 13 21 35 91 
8 1 2 4 8 11 13 19 74 
8 1 2 3 12 17 31 59 60 
7 1 11 17 19 36 49 57 
6 4 7 20 26 50 96 
8 1 2 3 14 20 27 36 84 
5 1 6 9 22 83 
7 3 4 11 13 43 99 107 
5 1 8 26 27 77 
6 2 5 43 94 96 112 
7 1 10 11 21 38 41 81 
7 1 8 10 15 48 56 89 
7 3 4 11 18 30 45 93 
7 2 15 20 22 23 39 70 
7 2 4 7 10 58 60 94 
7 2 3 4 22 29 36 63 
8 1 2 6 9 10 20 46 61 
7 3 9 11 16 23 27 111 
7 2 5 14 25 30 44 51 
4 24 55 86 99 
7 1 8 9 21 39 61 78 
5 1 9 29 74 90 
6 1 3 13 31 35 50 
7 1 13 16 24 35 37 69 
7 3 5 8 19 41 58 59 
6 1 20 25 40 41 95 
8 1 3 4 5 6 39 42 111 
4 1 7 16 106 
7 9 10 13 19 21 23 63 
6 11 12 14 44 57 76 
6 1 4 5 10 13 70 
7 2 3 7 15 47 80 94 
8 1 4 7 14 17 20 27 47 
6 3 8 11 18 21 110 
6 17 29 31 32 34 86 
8 1 4 6 8 25 35 38 53 
5 1 20 28 33 36 
6 1 3 14 47 68 71 
7 1 2 25 34 48 49 60 
8 1 2 3 4 9 45 58 91 
6 1 7 23 46 102 105 
8 1 4 6 10 12 22 23 94 
6 1 3 17 42 50 62 
7 3 4 6 19 71 109 113 
8 2 3 4 7 10 35 57 76 
6 1 10 32 56 66 71 
8 1 4 5 15 18 26 30 40 
8 1 2 6 12 23 28 32 81 
7 1 15 18 27 43 52 99 
6 2 25 26 58 107 112 
5 10 11 31 35 36 
8 1 3 4 6 16 29 45 75 
6 1 3 10 26 78 109 
6 2 3 4 6 13 74 
8 1 2 3 13 16 36 60 107 
8 1 4 5 8 18 19 44 74 
6 1 16 39 50 56 63 
7 3 9 10 15 18 90 96 
8 1 2 3 7 13 23 72 91 
7 5 7 17 19 32 70 86 
6 2 15 38 44 65 73 
6 1 56 58 64 68 78 
7 3 6 31 33 38 40 46 
7 2 4 8 21 31 77 94 
