136 135
6 2 9 19 21 39 66 
5 2 14 27 92 122 
6 3 12 18 24 61 82 
4 4 8 26 74 
7 1 7 10 16 22 30 62 
4 10 14 39 133 
5 5 11 37 48 63 
6 5 6 38 40 45 58 
6 3 12 25 35 63 134 
5 3 4 10 101 105 
6 5 12 13 36 79 96 
5 1 33 46 57 91 
7 4 6 10 11 30 36 126 
6 1 4 19 22 47 69 
6 1 11 12 15 28 74 
7 1 5 6 26 38 70 87 
7 2 4 7 9 17 20 28 
5 4 7 10 100 107 
6 6 12 35 57 75 126 
6 2 23 28 31 98 134 
8 1 2 5 7 10 15 31 103 
6 5 27 32 48 89 113 
6 6 14 16 50 53 111 
3 2 11 15 
6 5 17 18 70 74 76 
7 1 3 13 16 42 123 131 
6 4 8 13 16 33 42 
5 44 69 76 84 98 
6 1 3 24 28 56 134 
6 10 11 35 44 51 101 
6 1 2 3 19 27 98 
7 2 5 7 26 31 61 72 
5 2 21 48 84 91 
5 6 12 18 62 97 
7 1 3 4 5 8 12 108 
6 3 10 56 79 86 92 
7 1 6 8 9 17 25 26 
7 5 6 13 19 36 37 101 
4 4 99 100 109 
6 15 17 18 81 86 121 
6 15 29 37 45 73 89 
6 5 27 31 46 66 129 
6 1 2 7 14 21 47 
7 2 7 10 35 38 75 107 
7 1 5 9 37 66 70 125 
5 5 57 68 86 107 
7 1 11 18 20 25 50 72 
6 5 18 30 81 82 103 
5 2 3 15 16 34 
7 4 10 17 24 38 40 94 
6 2 24 50 69 86 90 
6 4 33 47 84 93 123 
6 4 30 32 63 80 120 
7 2 5 21 28 34 82 110 
7 3 4 21 28 31 35 122 
4 15 68 69 89 
6 6 12 13 104 129 134 
7 2 4 7 8 99 103 114 
6 2 3 18 52 106 125 
8 2 3 6 9 24 27 42 83 
7 3 14 16 21 29 72 77 
5 10 18 30 31 74 
6 5 10 17 19 31 94 
6 2 3 8 11 82 114 
7 3 4 8 18 46 88 114 
6 2 6 8 71 83 110 
7 1 3 10 30 69 91 92 
6 2 3 27 32 39 76 
4 1 12 63 97 
7 2 3 4 31 33 41 113 
6 1 29 37 39 40 60 
7 2 5 7 8 18 81 102 
7 3 18 21 25 38 50 54 
7 2 5 11 12 53 99 129 
7 4 7 12 31 46 69 100 
6 3 12 16 17 29 121 
7 1 2 24 46 67 91 123 
5 9 10 55 88 123 
8 2 3 4 5 13 21 86 127 
5 10 25 30 50 67 
4 14 20 45 127 
8 1 3 7 10 16 26 78 132 
7 2 3 5 6 29 31 57 
7 2 4 13 28 49 77 88 
6 1 14 26 30 43 111 
8 1 2 3 12 13 23 108 117 
7 1 9 17 24 45 64 75 
8 1 4 6 7 17 44 71 74 
8 1 2 4 5 18 34 95 102 
8 1 3 5 8 18 32 55 77 
6 1 9 37 43 72 96 
6 6 7 13 18 39 129 
7 2 4 31 32 34 48 109 
6 1 15 20 34 44 110 
7 4 5 6 8 10 73 89 
7 1 3 37 49 54 60 134 
6 9 29 42 46 70 117 
6 2 11 18 46 85 104 
8 1 2 3 14 19 41 44 94 
7 1 2 8 10 19 92 124 
6 5 7 12 15 16 84 
8 4 7 9 20 22 25 27 29 
7 1 2 7 9 16 31 105 
8 2 3 9 19 27 37 39 45 
4 3 4 70 99 
4 3 37 58 100 
8 1 2 5 20 25 31 62 94 
7 3 5 25 38 55 63 110 
5 5 10 43 54 83 
8 1 2 8 9 41 43 50 54 
7 1 2 3 4 42 52 93 
5 8 22 73 80 81 
6 1 18 19 46 47 65 
9 2 3 4 5 8 14 16 19 44 
7 1 5 9 13 18 34 53 
6 1 2 3 7 33 38 
6 14 30 37 47 57 123 
7 5 6 13 28 34 88 130 
8 1 4 5 12 13 45 47 58 
7 4 6 20 27 30 50 93 
7 1 4 7 12 21 38 109 
4 28 92 113 115 
7 2 4 15 29 46 92 128 
7 4 19 22 26 31 51 98 
7 2 3 19 37 95 104 131 
7 4 7 11 57 65 69 70 
6 20 24 38 41 77 109 
7 4 7 9 11 66 100 112 
5 1 3 9 78 114 
7 1 8 20 31 44 50 93 
8 1 3 5 18 20 33 57 134 
7 1 10 18 24 32 88 118 
5 16 20 28 71 119 
6 2 8 14 37 126 128 
7 1 2 34 36 54 64 119 
7 1 3 46 48 57 88 119 
