-110543956580100
-109453300790364
-109375747978293
-108205061136300
-104552971643700
-102912352235764
-102525378066225
-90669072120885
-90154399233585
-87582218937828
-87374536680364
-84552716133489
-81215252611828
-77600167854645
-72255863212140
-65932898388108
-65307226677300
-57003909759540
-52237262218833
-42892471358260
-42830872868860
-40816988137260
-37446169690764
-37318036506780
-37124604312165
-37046984899140
-36892567230100
-36159900819300
-35862150599025
-29654743168053
-28675168104708
-28164634536933
-27768280923588
-27620828689525
-27199828552500
-25722409495089
-25666138088100
-22083584821668
-20841854920245
-19946385031525
-19363092193845
-16612524580725
-15931030482300
-13262511164220
-12794197036980
-11970532989925
-11832912527340
-11642297545740
-11233131174180
-11054428371345
-10144476045780
-9103051297845
-8101052988660
-8083387475089
-5637294378213
-4667300644764
-3253990370364
-2475016218348
-2161534612533
-1274494507140
-904720519740
-709561373265
-51769010628
-17667205585
36
38621346132
