53712425935
53712424830
53712422778
53712429128
53712420365
53712418203
53712416979
53712435725
53712436339
53712413814
53712440895
53712409783
53712441168
53712408488
53712443017
53712450157
53712400042
53712395246
53712458623
53712459140
53712461781
53712462649
53712462678
53712464616
53712382483
53712381048
53712379629
53712472865
53712376149
53712373122
53712363600
53712493825
53712494336
53712351965
53712509137
53712340495
53712514415
53712333577
53712331377
53712522733
53712522789
53712328010
53712526219
53712528089
53712528517
53712529575
53712530626
53712530678
53712318391
53712305020
53712303899
53712548410
53712298925
53712298278
53712297380
53712295086
53712285925
53712567419
53712282125
53712272583
53712578943
53712584947
53712265382
53712589559
53712251067
53712248666
53712602197
