57457628508332
-61246831586993
-281682618878609
400465190724491
-540898765382668
-773151266366684
-904639264629452
1109147024159732
1175105895607028
-1244638854089297
1664533636285132
-1677668318008804
1693860629088331
-1816783457669749
1892489239946396
2659502977208756
-2724093390514129
-3239302708715377
3568962254940236
3624500937423707
3908210153576068
4001454987981308
4004570310815791
4212759819911563
-4610365146870604
-4764519682537589
-4916955417938252
5098908129192332
-5290793568045692
-5615968284089009
-6638866627155893
7350535431014732
7405429599965003
-7888753192754668
8995427076368876
-9120914415270868
9562416350676332
-9864078310500964
-10100412573399764
10455977809673396
10461993612222628
-10462111401555793
10830461530320068
11031346381876028
11077324306103396
11190980017564732
11303883755835983
11309469859023791
-11495429075287012
-12931803714915493
-13052226701513692
13214331361412207
-13586556675960268
-13656060390350609
-13752527677251493
-13998959692368497
-14983076279010268
15256375388205668
-15391289637600268
-16416334738624004
16494342774881356
17139323458876916
-17189898836509969
17634768363698588
-18727680789477404
-18985607013336337
18992407937110916
