1111010000000000000010111110000101110111111010110100100001010101
1101000000100001010010101001011011111110010011010101001011010101
1111101111101101111011111101000010100100010011101010000101100101
0010101111001100101001010100011001011010000000111111001110110010
0000000000000000000000000000000000000000000000000000000000000011
0000000000000000000000000000000000000000000000000000000000000000
0000000000000000000000000000000000000000000000000000000000000000
0010010000100001010000010111011110001001101001100001101010000011
0000000000000000000000000000000000000000000000000000000000000000
1111101111101101111011111101000010100100010011101010000101100101
1101000000100001010010101001011011111110010011010101001011010110
1001000000110000011111110101110101100001011001110110010010101001
1111101111101101111011111101000010100100010011101010000101100101
0100000000010001001101011100101110011111001010100011011001111100
1001000000110000011111110101110101100001011001110110010010101001
0000000000000000000000000000000000000000000000000000000000000011
0100111111111100110100011111101001001100100011111101111101001110
0110101111011101100100001000110111000101001010011100010111001111
1101000000100001010010101001011011111110010011010101001011010101
0100111111111100110100011111101001001100100011111101111101001111
0010010000100001010000010111011110001001101001100001101010000010
0000000000000000000000000000000000000000000000000000000000000010
0000111111101101111001000011000111010011101001011110100100110011
1011101111111100110110100001101100111011011001001001011100011010
0100000000010001001101011100101110011111001010100011011001111110
1101000000100001010010101001011011111110010011010101001011010110
1001111111011101100110110110110010110010110000101000110110011011
1011010000010001001111100010101011101000110000010111111000101011
1101000000100001010010101001011011111110010011010101001011010111
0110101111011101100100001000110111000101001010011100010111001111
1001000000110000011111110101110101100001011001110110010010101011
1111101111101101111011111101000010100100010011101010000101100111
1111101111101101111011111101000010100100010011101010000101100101
1111101111101101111011111101000010100100010011101010000101100100
0100111111111100110100011111101001001100100011111101111101001100
1101000000100001010010101001011011111110010011010101001011010111
1011010000010001001111100010101011101000110000010111111000101011
1001000000110000011111110101110101100001011001110110010010101010
1111101111101101111011111101000010100100010011101010000101100100
0110101111011101100100001000110111000101001010011100010111001101
0110101111011101100100001000110111000101001010011100010111001100
1111010000000000000010111110000101110111111010110100100001010111
0100111111111100110100011111101001001100100011111101111101001101
0110101111011101100100001000110111000101001010011100010111001110
0000000000000000000000000000000000000000000000000000000000000011
0000000000000000000000000000000000000000000000000000000000000001
1101000000100001010010101001011011111110010011010101001011010111
1011101111111100110110100001101100111011011001001001011100011001
1001111111011101100110110110110010110010110000101000110110011010
0100111111111100110100011111101001001100100011111101111101001100
0000000000000000000000000000000000000000000000000000000000000001
1101111111001100101011101010011100101101111010001011101111100101
0000000000000000000000000000000000000000000000000000000000000010
0100000000010001001101011100101110011111001010100011011001111100
1101000000100001010010101001011011111110010011010101001011010101
0000000000000000000000000000000000000000000000000000000000000010
1101000000100001010010101001011011111110010011010101001011010111
1001111111011101100110110110110010110010110000101000110110011011
0000000000000000000000000000000000000000000000000000000000000000
0000000000000000000000000000000000000000000000000000000000000010
1111101111101101111011111101000010100100010011101010000101100100
1101000000100001010010101001011011111110010011010101001011010101
0110010000110000011101001011110000010110100011000010110011111111
0000000000000000000000000000000000000000000000000000000000000011
1001111111011101100110110110110010110010110000101000110110011001
1001000000110000011111110101110101100001011001110110010010101001
0010101111001100101001010100011001011010000000111111001110110010
1111010000000000000010111110000101110111111010110100100001010111
1111101111101101111011111101000010100100010011101010000101100100
0000000000000000000000000000000000000000000000000000000000000000
0110101111011101100100001000110111000101001010011100010111001100
1101000000100001010010101001011011111110010011010101001011010110
0000111111101101111001000011000111010011101001011110100100110000
0110101111011101100100001000110111000101001010011100010111001111
1101111111001100101011101010011100101101111010001011101111100110
0110101111011101100100001000110111000101001010011100010111001110
0100000000010001001101011100101110011111001010100011011001111101
1111010000000000000010111110000101110111111010110100100001010100
1011101111111100110110100001101100111011011001001001011100011010
0100000000010001001101011100101110011111001010100011011001111100
1011101111111100110110100001101100111011011001001001011100011011
0000000000000000000000000000000000000000000000000000000000000010
1101111111001100101011101010011100101101111010001011101111100110
0110101111011101100100001000110111000101001010011100010111001101
0000111111101101111001000011000111010011101001011110100100110000
0100111111111100110100011111101001001100100011111101111101001100
1011101111111100110110100001101100111011011001001001011100011000
0010101111001100101001010100011001011010000000111111001110110011
1101000000100001010010101001011011111110010011010101001011010111
0000111111101101111001000011000111010011101001011110100100110010
1101000000100001010010101001011011111110010011010101001011010101
0100111111111100110100011111101001001100100011111101111101001111
1111101111101101111011111101000010100100010011101010000101100110
0010101111001100101001010100011001011010000000111111001110110011
0110101111011101100100001000110111000101001010011100010111001101
0110101111011101100100001000110111000101001010011100010111001110
0100111111111100110100011111101001001100100011111101111101001101
0000000000000000000000000000000000000000000000000000000000000010
1101000000100001010010101001011011111110010011010101001011010100
0000000000000000000000000000000000000000000000000000000000000011
1001000000110000011111110101110101100001011001110110010010101011
0010101111001100101001010100011001011010000000111111001110110000
1111101111101101111011111101000010100100010011101010000101100101
0010010000100001010000010111011110001001101001100001101010000000
0000111111101101111001000011000111010011101001011110100100110010
0100111111111100110100011111101001001100100011111101111101001100
1111101111101101111011111101000010100100010011101010000101100111
1111101111101101111011111101000010100100010011101010000101100100
1001000000110000011111110101110101100001011001110110010010101000
0100111111111100110100011111101001001100100011111101111101001101
0000000000000000000000000000000000000000000000000000000000000010
0000000000000000000000000000000000000000000000000000000000000010
0000000000000000000000000000000000000000000000000000000000000001
1001111111011101100110110110110010110010110000101000110110011010
0110010000110000011101001011110000010110100011000010110011111100
1111010000000000000010111110000101110111111010110100100001010111
1011101111111100110110100001101100111011011001001001011100011010
0000000000000000000000000000000000000000000000000000000000000001
0110101111011101100100001000110111000101001010011100010111001111
0100111111111100110100011111101001001100100011111101111101001110
1001111111011101100110110110110010110010110000101000110110011011
0000000000000000000000000000000000000000000000000000000000000010
0010101111001100101001010100011001011010000000111111001110110001
0110101111011101100100001000110111000101001010011100010111001111
1101000000100001010010101001011011111110010011010101001011010111
0000000000000000000000000000000000000000000000000000000000000011
1001111111011101100110110110110010110010110000101000110110011010
0000000000000000000000000000000000000000000000000000000000000000
0000000000000000000000000000000000000000000000000000000000000001
1001000000110000011111110101110101100001011001110110010010101010
0010010000100001010000010111011110001001101001100001101010000011
0000000000000000000000000000000000000000000000000000000000000000
1011101111111100110110100001101100111011011001001001011100011011
0010101111001100101001010100011001011010000000111111001110110011
1011101111111100110110100001101100111011011001001001011100011011
0000000000000000000000000000000000000000000000000000000000000011
