489 488
7 2 10 12 22 70 170 300 
9 0 1 7 8 12 17 36 247 445 
9 0 1 3 9 56 67 155 283 426 
7 1 10 139 157 277 381 468 
7 3 4 6 42 44 77 323 
8 0 1 13 37 47 302 365 436 
9 0 1 2 7 18 89 105 349 471 
9 0 1 15 17 45 81 92 131 248 
8 0 2 5 8 146 256 262 278 
8 1 4 6 13 18 65 388 434 
10 0 1 2 8 9 49 51 81 107 370 
7 2 18 61 101 152 207 373 
10 1 3 7 9 10 14 30 39 104 261 
10 0 1 3 4 17 45 60 77 82 297 
8 1 12 18 53 124 125 198 242 
9 0 1 31 32 33 35 44 130 411 
9 0 2 20 21 28 32 46 128 410 
8 3 5 27 42 67 176 200 203 
10 0 1 5 11 12 29 61 111 116 157 
8 2 4 14 29 47 302 314 344 
7 0 11 61 69 155 354 418 
9 0 1 3 20 24 172 264 276 373 
8 0 3 41 82 101 113 135 234 
8 4 7 17 43 69 75 113 117 
7 8 18 24 106 141 274 410 
7 5 8 84 142 217 249 309 
8 1 2 8 15 288 305 371 407 
7 11 30 93 141 212 219 233 
7 0 9 46 71 179 253 297 
8 1 3 74 78 113 196 222 270 
9 0 1 3 9 12 131 146 194 271 
8 0 2 3 4 6 7 12 203 
8 0 4 10 15 40 220 245 440 
7 1 3 7 52 108 242 350 
7 0 11 51 53 129 385 390 
10 1 3 4 9 10 27 46 49 116 270 
7 0 1 34 57 73 89 224 
6 0 1 195 211 258 347 
8 8 14 22 32 44 72 191 300 
9 0 1 11 25 72 86 105 233 364 
7 5 47 77 142 243 317 325 
8 0 9 18 22 70 241 293 305 
10 0 2 7 8 11 17 18 26 193 310 
8 1 4 5 55 120 234 260 461 
8 0 11 17 125 143 210 268 288 
10 0 1 4 10 18 31 61 63 149 312 
8 1 4 59 90 95 204 205 328 
9 0 3 4 6 25 28 43 61 188 
8 0 7 16 82 121 133 199 292 
10 1 3 4 8 11 30 38 109 130 197 
8 1 7 41 65 84 135 173 191 
10 0 1 3 9 13 20 28 39 54 384 
7 2 8 103 248 260 377 444 
9 1 6 11 15 24 30 205 253 292 
8 0 1 2 58 132 145 182 322 
7 7 11 12 33 84 327 370 
7 3 17 25 88 125 130 209 
8 2 5 33 64 105 198 226 275 
9 3 4 5 14 20 27 60 123 398 
8 3 6 18 23 33 69 106 371 
10 0 1 2 4 11 14 24 45 224 273 
9 1 9 10 34 39 79 82 115 176 
9 2 5 7 11 31 39 99 108 162 
8 0 13 35 39 43 137 179 473 
8 2 3 19 71 135 255 373 389 
10 0 1 3 4 17 41 61 75 373 462 
8 0 21 60 62 93 118 192 342 
9 2 6 7 8 10 11 274 312 435 
9 1 7 8 12 30 66 72 371 473 
9 1 2 4 14 44 135 188 307 327 
8 0 2 114 122 145 176 320 368 
11 0 1 2 3 4 9 32 80 99 151 313 
11 0 1 5 7 11 15 18 30 33 102 247 
5 1 3 37 64 457 
8 1 5 12 57 72 80 81 132 
8 1 5 10 162 256 272 277 457 
9 1 3 13 34 49 58 92 145 349 
9 0 1 3 7 12 25 130 236 486 
9 0 1 5 17 20 57 82 119 431 
9 0 1 11 56 65 86 185 186 361 
9 3 7 11 13 19 76 79 136 450 
10 0 1 6 17 24 27 50 77 99 214 
9 4 5 10 11 14 58 67 72 301 
7 3 6 24 273 292 326 356 
8 0 10 16 77 82 216 221 315 
9 0 1 2 6 72 85 151 175 467 
10 3 5 7 8 14 17 22 52 64 271 
8 0 2 5 24 48 106 162 264 
6 14 111 122 371 384 427 
8 1 3 49 104 108 172 178 274 
8 0 3 7 16 135 343 361 417 
6 1 3 149 155 365 414 
9 0 2 8 24 25 41 70 285 360 
9 0 3 6 15 61 108 188 264 418 
10 0 1 3 4 11 13 52 83 213 240 
8 1 12 39 50 78 215 398 427 
8 1 8 9 40 55 131 205 379 
10 0 1 4 9 18 26 79 109 208 316 
8 3 14 48 60 67 86 114 129 
7 0 88 97 107 160 226 289 
11 0 1 2 6 9 12 26 59 72 145 183 
8 5 9 11 64 88 181 339 487 
8 0 10 14 17 57 67 126 240 
8 0 1 7 15 25 219 276 407 
8 0 21 29 43 46 314 337 464 
8 7 18 21 31 43 88 98 191 
8 0 19 66 83 113 129 191 416 
8 0 2 21 66 326 445 457 463 
8 1 15 20 34 102 126 208 465 
8 1 4 24 65 226 242 336 477 
9 1 3 7 12 16 27 90 121 372 
8 2 3 10 135 157 164 269 285 
8 0 4 13 82 128 262 268 458 
8 2 8 9 17 367 383 453 454 
8 3 4 10 81 108 171 264 292 
8 0 10 27 110 168 255 294 354 
9 1 4 13 18 61 72 105 190 259 
7 2 6 10 44 82 386 456 
8 4 7 16 18 186 279 336 397 
7 0 9 15 53 57 70 137 
8 1 3 4 119 216 256 432 481 
9 2 3 23 26 27 40 71 159 264 
7 0 28 40 72 74 112 141 
7 13 29 35 53 80 108 110 
10 0 1 2 6 27 29 142 158 167 328 
9 1 4 8 17 27 71 215 281 340 
8 0 1 2 10 12 46 184 240 
9 3 6 9 10 46 52 74 78 198 
9 1 5 17 18 20 73 116 212 461 
7 18 46 96 114 132 448 451 
10 0 1 5 6 23 41 60 92 209 369 
8 2 11 35 49 63 140 197 204 
9 0 1 3 9 11 79 174 263 456 
7 1 7 13 28 113 274 358 
10 1 2 3 6 16 20 21 40 96 189 
6 2 118 147 201 202 466 
10 0 1 2 15 23 34 58 120 226 362 
8 2 3 12 17 37 40 90 119 
10 1 2 3 12 16 30 71 109 130 336 
9 0 2 3 9 55 159 194 328 370 
8 0 1 3 29 184 187 248 282 
7 3 22 63 220 261 430 445 
6 30 38 68 186 369 442 
8 1 14 22 108 153 184 323 375 
7 12 18 38 149 255 348 470 
8 2 4 10 13 15 27 203 217 
10 0 1 3 7 19 65 70 118 348 365 
9 0 1 4 18 35 41 43 54 76 
8 3 4 6 7 8 108 113 151 
9 0 5 6 11 23 46 163 370 374 
9 0 2 5 7 9 74 138 155 171 
9 1 3 9 16 21 94 128 255 262 
8 0 4 29 61 89 205 367 467 
9 0 4 7 20 44 62 109 163 275 
9 0 1 8 47 96 121 214 256 352 
8 1 9 10 165 271 287 419 426 
10 0 1 2 7 14 50 115 217 226 411 
10 0 5 7 10 19 29 34 58 119 337 
9 0 1 8 9 17 190 335 458 473 
9 0 7 12 15 33 42 184 451 469 
8 6 14 26 29 59 101 384 487 
10 1 2 3 8 13 18 35 139 161 286 
6 40 42 47 84 114 243 
8 0 1 2 4 242 341 413 435 
9 1 7 14 29 41 64 83 212 286 
8 0 24 71 94 130 179 181 289 
7 1 14 22 117 146 295 339 
10 0 1 2 3 44 98 104 115 273 337 
9 0 2 6 17 34 36 76 141 383 
8 0 1 33 244 327 447 451 483 
7 0 111 145 203 206 433 475 
10 0 2 3 8 20 36 114 129 207 210 
8 0 9 40 102 108 141 191 386 
10 0 1 3 7 10 16 38 151 167 209 
9 0 3 9 25 29 95 115 124 396 
11 0 1 5 8 13 15 19 28 48 86 388 
8 0 18 39 85 152 184 321 390 
9 0 1 9 11 15 123 174 228 299 
10 0 1 5 7 29 59 60 95 140 483 
9 2 3 15 16 17 112 122 289 410 
8 4 5 12 94 113 144 234 235 
8 2 18 19 78 85 93 204 209 
6 7 27 39 60 72 401 
9 2 4 11 18 21 53 160 215 439 
8 0 7 45 94 112 144 251 347 
9 1 2 16 20 55 150 177 181 264 
7 12 69 87 98 163 170 450 
9 1 6 8 26 37 89 90 226 448 
7 2 28 80 104 160 204 347 
9 0 1 6 8 212 257 315 362 370 
9 1 4 20 28 42 75 78 139 400 
9 0 1 2 7 14 52 90 121 307 
9 0 1 7 10 20 131 152 169 410 
8 5 6 20 26 75 188 261 265 
10 2 3 4 8 22 28 42 43 52 88 
5 7 8 305 390 453 
10 0 1 3 5 11 45 132 242 407 454 
9 0 1 4 21 25 59 151 177 249 
9 0 6 16 26 46 55 74 208 466 
8 2 6 52 68 71 147 175 232 
9 0 10 13 15 41 76 127 300 390 
7 3 4 10 47 68 70 367 
9 3 5 7 9 12 47 69 168 277 
10 0 1 2 4 40 44 90 191 260 323 
10 0 1 2 4 13 87 131 186 325 377 
9 0 4 16 36 65 66 115 125 382 
4 6 380 417 445 
7 0 1 18 125 180 343 399 
8 2 20 28 81 102 157 173 434 
6 4 32 139 345 370 377 
9 0 2 10 22 32 111 119 175 316 
8 0 3 30 135 137 262 317 350 
10 1 3 6 11 18 24 35 58 121 132 
9 0 3 4 12 124 200 201 328 455 
8 0 19 25 42 60 62 159 421 
9 1 3 8 29 56 143 163 238 305 
9 1 3 4 67 74 94 110 307 311 
11 0 2 3 6 10 11 40 42 69 80 235 
10 0 1 2 5 19 95 97 161 222 464 
9 0 2 21 32 36 112 150 156 381 
8 1 2 3 14 141 152 188 201 
9 0 5 13 34 39 98 110 253 273 
9 1 3 4 13 33 54 58 158 374 
9 0 2 10 18 21 108 183 280 288 
9 2 3 4 31 33 34 69 201 386 
7 18 37 49 75 119 425 468 
9 0 1 3 44 55 124 152 334 463 
10 0 1 11 13 14 28 71 104 191 458 
8 1 27 30 41 121 230 321 439 
9 0 9 16 22 30 55 108 259 388 
11 1 3 5 6 8 12 17 18 76 107 322 
8 0 1 158 217 269 310 349 422 
9 0 1 7 11 18 24 95 369 387 
9 0 3 5 11 128 198 325 330 332 
10 0 1 8 10 12 30 31 293 344 428 
8 0 3 5 7 20 49 107 197 
9 1 2 11 19 21 92 189 217 282 
9 0 1 19 20 73 163 183 332 414 
9 0 1 39 69 72 91 106 126 443 
9 6 7 12 15 16 78 147 165 248 
10 0 1 2 3 5 29 76 147 239 376 
11 0 1 2 4 5 11 19 31 88 170 356 
10 0 1 4 5 12 20 71 116 357 377 
9 3 7 8 14 23 24 48 83 209 
9 2 5 9 43 44 51 99 118 388 
8 5 8 9 37 98 122 150 152 
9 1 9 20 41 46 51 89 119 279 
8 2 25 26 30 59 96 222 254 
9 0 3 7 10 11 17 147 200 448 
7 1 9 48 334 356 464 475 
8 0 2 5 37 65 81 124 379 
9 0 7 10 14 28 99 100 198 295 
9 0 7 14 17 86 104 105 191 332 
10 1 2 5 9 21 30 48 128 133 299 
7 2 6 8 12 27 53 370 
10 0 3 4 7 17 30 32 100 146 175 
8 6 9 66 81 111 149 171 238 
8 2 3 16 84 88 130 162 344 
8 6 7 10 12 20 27 42 128 
10 0 1 3 4 8 10 75 166 269 429 
10 0 1 14 15 33 35 47 90 156 200 
8 0 1 24 71 86 132 142 231 
6 17 157 218 327 400 476 
9 0 2 5 6 9 26 56 154 190 
8 1 2 118 207 215 225 294 335 
9 0 1 4 6 256 284 286 461 467 
10 0 1 2 4 41 50 121 171 197 416 
8 0 2 3 31 177 251 252 317 
9 0 10 11 16 29 66 73 201 353 
8 1 5 6 55 86 248 257 332 
9 0 1 8 12 17 53 75 76 233 
7 1 23 35 150 337 456 466 
9 0 3 14 34 42 46 109 194 264 
7 9 10 14 235 371 429 466 
9 1 2 5 6 109 134 155 295 297 
9 0 1 20 47 83 104 153 292 353 
10 0 3 6 8 11 35 43 69 82 481 
8 1 11 55 127 165 256 282 359 
8 0 1 2 8 43 67 183 227 
10 0 2 4 5 16 20 62 68 146 436 
9 0 1 3 7 20 40 252 277 414 
8 1 41 60 76 105 166 206 367 
8 2 15 16 37 156 162 220 267 
11 0 3 4 8 9 11 12 34 47 223 358 
10 0 1 4 7 16 31 83 241 262 421 
9 0 1 2 43 70 273 424 426 439 
10 0 1 5 7 17 27 49 133 149 377 
8 0 7 25 45 88 152 207 280 
9 0 1 7 29 117 218 249 329 340 
7 23 36 38 267 345 352 399 
8 0 3 9 18 36 45 116 178 
9 1 7 9 25 30 130 174 193 392 
7 6 80 112 172 351 470 483 
8 0 1 6 7 18 91 321 393 
9 0 3 9 35 71 74 94 129 403 
8 0 3 14 64 164 183 425 431 
9 0 11 28 29 30 69 92 108 454 
10 0 1 7 10 20 53 106 107 239 263 
10 0 4 5 8 10 35 55 178 246 256 
8 0 11 21 153 183 389 401 452 
10 0 3 7 8 15 24 61 94 117 196 
9 0 15 16 20 47 55 162 195 267 
9 1 8 12 19 44 63 256 265 295 
12 0 1 2 3 5 6 9 11 58 96 149 452 
9 1 3 12 31 104 116 123 198 372 
7 0 26 86 153 327 377 433 
8 0 7 81 88 111 199 262 269 
7 1 2 5 27 109 248 346 
9 0 4 8 46 71 83 147 280 319 
8 2 13 38 93 110 191 221 451 
9 0 1 11 24 134 146 234 346 467 
8 1 7 32 188 189 227 393 426 
7 6 10 23 73 149 220 478 
9 2 4 8 50 80 81 133 147 158 
8 3 11 19 71 101 140 295 310 
9 0 9 11 12 14 19 129 330 336 
10 0 1 10 11 17 55 77 120 155 471 
10 0 1 6 13 26 30 50 100 235 439 
8 0 7 33 132 245 375 379 420 
9 1 7 19 22 38 48 101 229 458 
8 9 17 20 22 39 139 167 459 
8 1 2 8 59 252 280 308 314 
8 0 5 22 36 72 112 149 157 
9 0 2 5 27 31 90 103 416 446 
9 0 3 4 7 22 199 320 382 433 
9 2 6 12 16 30 35 89 118 333 
9 0 8 10 12 16 100 223 264 350 
10 0 1 2 9 13 47 225 230 261 343 
11 0 1 11 12 13 15 16 48 64 129 145 
9 0 1 5 12 30 70 243 329 342 
10 0 2 3 4 31 51 92 101 294 298 
8 3 10 34 55 62 103 273 474 
11 0 1 2 8 9 13 30 84 92 117 351 
10 0 1 2 3 38 43 185 213 300 479 
6 0 4 112 140 302 318 
10 0 1 2 6 22 56 87 184 363 445 
11 0 1 2 7 8 11 22 40 161 213 466 
8 6 7 15 39 217 237 432 435 
8 1 19 23 45 313 324 343 359 
10 0 1 5 8 11 42 95 122 184 332 
8 0 4 11 148 164 194 221 328 
8 1 7 12 15 37 181 216 402 
8 4 14 17 45 71 111 207 437 
9 0 1 3 6 9 10 12 22 210 
10 0 1 8 24 42 44 57 61 73 443 
9 2 4 5 7 21 89 158 236 421 
11 1 2 3 5 6 11 12 18 54 191 480 
9 0 5 6 12 31 36 47 327 453 
7 1 6 16 31 116 210 364 
9 0 1 4 27 43 56 194 211 231 
9 1 3 8 11 116 221 254 322 346 
8 0 41 53 63 89 118 154 329 
9 0 1 11 16 34 72 85 213 393 
8 3 11 87 94 117 119 307 389 
9 0 1 29 63 101 105 120 165 472 
11 0 1 3 8 11 18 25 49 73 207 229 
10 0 1 5 13 18 35 48 211 244 454 
8 2 4 25 81 171 173 187 355 
10 1 2 5 12 17 34 55 153 169 291 
8 0 1 8 66 142 238 362 436 
10 0 1 7 13 44 47 80 106 130 284 
10 0 1 5 6 14 18 41 46 174 281 
9 0 1 2 7 8 57 73 183 233 
7 0 7 101 130 155 157 276 
9 0 3 5 33 136 147 154 268 454 
8 3 45 70 76 80 131 182 230 
7 3 14 90 275 291 326 329 
7 1 12 14 15 97 200 299 
10 2 3 6 8 23 26 42 53 166 272 
5 19 20 66 128 470 
6 5 7 49 53 284 373 
10 1 3 9 12 39 41 47 74 142 165 
9 0 1 17 39 51 171 253 277 419 
10 0 1 2 14 45 90 98 109 190 258 
8 4 8 27 42 102 299 404 482 
8 0 9 18 84 171 332 362 376 
10 0 1 11 14 15 46 72 87 260 448 
11 0 2 4 8 9 15 40 45 51 98 153 
10 0 1 6 13 19 21 75 140 159 165 
8 5 19 26 71 103 167 242 320 
8 0 2 69 103 133 147 170 341 
7 14 17 49 89 162 302 452 
7 4 16 22 85 177 286 423 
7 2 4 10 14 32 152 154 
8 1 2 10 13 144 265 371 394 
8 1 5 18 29 45 234 307 479 
7 0 4 8 215 259 278 363 
10 0 1 5 13 19 20 57 73 246 353 
7 1 65 97 119 222 337 478 
7 0 6 33 62 113 245 388 
11 0 1 2 3 6 8 52 72 140 339 459 
10 0 1 9 10 46 51 72 102 130 386 
9 0 5 7 12 32 41 51 268 384 
9 0 1 4 12 16 68 144 304 308 
10 0 1 4 5 11 12 150 241 381 396 
9 0 3 9 14 61 120 186 250 332 
9 0 1 6 71 79 143 316 386 401 
10 0 1 4 9 22 37 38 140 190 226 
10 1 6 8 9 15 17 56 82 223 366 
8 1 7 41 59 83 101 118 476 
8 0 39 45 114 164 176 230 402 
9 0 9 13 18 23 47 105 269 354 
10 0 1 2 4 53 135 146 155 193 247 
8 0 2 5 11 12 129 183 195 
9 1 2 3 69 75 161 235 314 384 
8 0 19 59 87 96 153 169 405 
10 1 2 8 11 17 18 47 173 219 421 
9 2 3 8 11 73 171 188 340 388 
9 6 7 11 13 15 57 62 203 309 
9 0 1 3 4 24 149 168 257 406 
7 4 19 29 86 203 213 287 
11 0 1 3 4 7 11 76 83 90 217 248 
10 0 1 6 12 35 37 99 152 187 252 
9 0 2 24 51 62 65 73 107 250 
9 1 3 8 23 34 42 163 335 457 
9 0 1 2 126 167 205 210 390 398 
9 0 9 11 31 43 56 70 162 385 
9 2 4 10 19 42 43 76 80 115 
9 0 1 3 12 72 155 202 225 385 
6 0 6 40 60 69 192 
7 5 146 154 169 174 193 355 
10 0 1 2 8 11 181 189 191 257 382 
10 0 1 2 10 21 72 105 156 310 447 
9 1 5 16 36 94 99 121 127 282 
8 7 12 19 70 181 218 265 352 
9 1 7 16 37 40 48 137 227 378 
9 0 1 11 20 32 93 122 223 394 
8 11 14 15 103 109 196 273 363 
9 0 3 7 8 62 165 263 315 327 
9 0 1 7 24 54 130 168 426 444 
8 1 18 46 96 175 191 359 443 
8 0 8 39 51 148 216 425 474 
9 1 13 25 43 45 54 55 99 444 
6 0 23 72 126 144 239 
8 0 18 57 71 108 172 231 318 
9 1 2 4 6 40 48 82 104 422 
8 1 2 8 23 61 133 406 410 
9 0 3 8 11 71 74 81 231 323 
9 1 2 9 46 67 69 202 376 478 
6 74 92 94 210 332 406 
10 1 4 5 15 19 25 46 73 202 268 
10 0 2 4 8 10 14 153 264 376 484 
4 11 100 127 330 
9 1 8 11 15 24 54 104 122 153 
9 1 3 38 39 73 78 112 153 310 
10 0 1 5 9 19 44 88 221 257 420 
9 0 4 6 20 65 77 103 113 151 
10 1 2 4 7 13 66 95 117 220 316 
11 0 1 3 6 7 9 11 142 173 330 481 
9 2 3 8 28 67 74 103 345 474 
7 18 54 166 209 255 361 377 
9 1 4 7 11 32 126 234 285 294 
10 0 1 2 5 14 160 197 215 269 349 
10 1 3 5 7 8 39 113 188 206 438 
9 1 2 6 29 71 169 209 340 392 
11 0 1 2 3 8 29 39 40 116 215 411 
8 0 10 20 44 119 139 323 442 
9 0 2 5 18 160 201 231 359 413 
9 1 7 12 22 30 49 304 308 447 
9 0 2 8 11 79 122 205 321 440 
10 0 1 8 12 14 19 23 85 157 226 
8 0 5 9 39 119 124 236 393 
10 0 1 4 9 12 36 43 58 152 355 
12 0 1 2 3 6 7 9 26 48 124 152 159 
8 1 3 4 43 64 98 195 313 
10 0 1 7 8 10 22 52 105 458 482 
7 14 77 90 111 208 240 418 
11 0 1 3 4 6 7 33 43 237 327 396 
10 0 1 7 11 17 91 110 185 211 224 
6 0 8 42 57 203 268 
10 0 1 5 6 10 13 33 40 65 255 
6 37 38 50 76 137 231 
10 1 5 8 10 21 51 52 57 114 282 
8 1 18 21 113 265 291 300 430 
9 2 3 4 16 31 156 268 428 433 
8 3 7 28 43 49 125 139 465 
9 1 2 3 26 103 145 384 428 432 
10 0 1 2 17 31 42 52 279 295 301 
8 2 5 14 20 76 116 145 409 
12 0 1 2 3 8 12 20 31 32 36 68 233 
8 11 13 14 19 122 139 292 476 
10 0 2 4 13 21 33 110 124 163 250 
8 0 8 18 119 131 375 391 447 
8 0 1 4 6 18 143 236 385 
9 3 5 7 47 49 50 187 196 272 
8 6 27 57 69 71 76 88 157 
9 0 1 5 16 54 74 141 352 455 
10 1 3 6 7 12 34 95 106 287 421 
8 1 2 37 43 129 153 315 331 
