3836398822191862
3836398822178456
3836398822160479
3836398822150139
3836398822234630
3836398822144799
3836398822143362
3836398822127589
3836398822104473
3836398822079114
3836398822308106
3836398822068688
3836398822030139
3836398822359689
3836398822384946
3836398821993731
3836398822395167
3836398822407229
3836398822414890
3836398822420567
3836398821957317
3836398821955747
3836398822439031
3836398822592999
3836398822600710
3836398821772700
3836398821762688
3836398821761767
3836398821749750
3836398821738059
3836398821736638
3836398821706162
3836398821629470
3836398822766938
3836398821610343
3836398822774489
3836398822799724
3836398822800139
3836398822805756
3836398821567023
3836398822820004
3836398822888425
3836398821457951
3836398821408192
3836398821374673
3836398821350301
3836398823089442
3836398823101451
3836398821230458
3836398823160406
3836398821190612
3836398823217078
3836398821137298
3836398821130918
3836398821102191
3836398821043942
3836398821013170
3836398820977654
3836398820949934
3836398820934980
3836398820831552
3836398823560174
3836398823563331
3836398820807125
3836398820637512
3836398823777005
3836398823847029
3836398823848537
3836398820525041
3836398820513113
3836398820479571
3836398820459244
3836398820448598
3836398820407653
3836398820404742
3836398823981699
3836398823995775
3836398824018479
3836398824038949
3836398824049949
3836398820333299
3836398824150918
3836398820057906
3836398824327404
3836398820046346
3836398820045910
3836398820035891
3836398824355208
3836398824358603
3836398820019715
3836398819999628
3836398824384446
3836398824391069
3836398819957293
3836398819926206
3836398819924547
3836398819827926
3836398824561917
3836398819776889
3836398824618825
3836398824651550
3836398819725172
3836398824705967
3836398819675408
3836398824710737
3836398819669631
3836398824757198
3836398819571421
3836398824814825
3836398819567887
3836398824847982
3836398819532773
3836398824858061
3836398824867337
3836398819466166
3836398824923002
3836398819445284
3836398819397505
3836398819341608
3836398819324421
3836398825062790
3836398819280330
3836398819263869
3836398819261339
3836398819236690
3836398825194949
3836398819183307
3836398819075354
3836398819059871
3836398819016302
3836398825373722
3836398825443199
3836398818805567
3836398818761636
3836398818757502
3836398825717251
3836398818566401
3836398825845957
3836398826051143
3836398826092152
3836398826132783
3836398818247319
3836398818182927
3836398818131895
3836398818120077
3836398826271765
3836398826295748
3836398826342642
3836398826350455
3836398817856425
3836398826569646
3836398817809863
3836398817770177
3836398826619140
3836398826770495
3836398826857520
3836398826863111
3836398826885039
3836398826949065
3836398827069133
3836398817292217
3836398817260465
3836398827125089
3836398827128002
3836398817176661
3836398827258028
3836398817048968
3836398817046509
3836398827337350
3836398827357175
3836398827382295
3836398827386810
3836398827459433
3836398827473077
3836398827478597
3836398827490113
3836398816836546
3836398827648320
3836398827681120
3836398827730858
3836398827735178
3836398816621979
3836398827848479
3836398816480623
3836398816454623
3836398828049074
3836398828060671
3836398816313197
3836398828274413
3836398816012633
3836398828404860
3836398815791556
3836398815774556
3836398815766295
3836398815671813
3836398828753585
3836398815612965
3836398828778476
3836398815589073
3836398828817090
3836398828937038
3836398815358007
3836398829054418
3836398815282593
3836398829234825
3836398814950183
3836398814838596
3836398829587274
3836398829613700
3836398829725718
3836398829742805
3836398829823174
3836398829914747
3836398814259283
3836398814054174
3836398830395605
3836398813964980
3836398813838176
3836398830648051
3836398830700019
3836398830705102
