2
3
11
13
29
31
41
43
47
53
59
61
73
97
103
107
137
151
157
163
181
233
251
263
269
281
283
293
317
331
337
347
349
353
367
373
409
419
431
433
439
443
449
461
479
491
521
523
541
557
563
569
577
587
601
607
613
617
619
631
647
653
673
677
683
691
709
719
739
757
769
797
811
823
839
857
859
863
877
881
883
887
907
911
919
929
967
983
1009
1021
1031
1033
1049
1051
1063
1091
1117
1123
1129
1151
1153
1163
1171
1181
1187
1193
1223
1229
1231
1249
1259
1279
1289
1291
1301
1303
1319
1321
1361
1381
1399
1423
1427
1429
1439
1447
1451
1453
1459
1481
1483
1487
1489
1523
1549
1559
1597
1609
1613
1621
1637
1657
1667
1669
1693
1697
1723
1747
1783
1801
1811
1823
1831
1861
1867
1871
1873
1877
1907
1913
1949
1973
1979
1987
2003
2011
2017
2027
2063
2083
2087
2089
2111
2113
2131
2137
2143
2153
2161
2207
2237
2243
2269
2287
2309
2311
2371
2377
2383
2389
2399
2423
2437
2447
2467
2473
2503
2531
2549
2551
2557
2591
2621
2633
2647
2657
2659
2689
2713
2729
2749
2767
2777
2803
2851
2879
2903
2963
3001
3019
3079
3109
3119
3121
3167
3203
3209
3251
3253
3259
3271
3299
3307
3313
3319
3323
3329
3331
3347
3359
3361
3389
3467
3469
3491
3499
3511
3517
3527
3539
3541
3571
3581
3583
3593
3623
3637
3643
3671
3673
3677
3719
3761
3767
3769
3779
3793
3797
3803
3823
3833
3847
3863
3881
3907
3911
3917
3919
3923
3929
3931
3943
3989
4001
4013
4049
4057
4073
4079
4091
4099
4129
4133
4153
4201
4211
4217
4243
4253
4273
4289
4339
4349
4373
4397
4421
4423
4441
4451
4483
4519
4549
4561
4567
4583
4597
4603
4637
4643
4651
4657
4663
4679
4703
4723
4729
4751
4783
4789
4801
4813
4817
4831
4861
4889
4909
4919
4931
4937
4957
4973
4999
5021
5081
5101
5107
5119
5167
5171
5179
5189
5237
5261
5281
5297
5309
5323
5387
5399
5407
5419
5443
5471
5503
5507
5527
5531
5569
5573
5591
5623
5651
5653
5659
5693
5701
5711
5717
5737
5749
5807
5821
5827
5839
5849
5851
5867
5869
5879
5881
5903
5923
5927
6011
6029
6037
6043
6047
6053
6073
6079
6089
6197
6211
6217
6221
6229
6247
6257
6271
6311
6317
6343
6353
6379
6389
6427
6481
6491
6521
6547
6553
6577
6581
6599
6637
6661
6673
6689
6691
6703
6719
6733
6779
6793
6829
6857
6899
6907
6911
6947
6949
6991
6997
7013
7019
7027
7057
7109
7127
7159
7187
7207
7211
7213
7229
7243
7247
7283
7297
7307
7321
7349
7351
7369
7393
7433
7451
7457
7477
7517
7523
7529
7541
7547
7559
7577
7583
7589
7603
7643
7687
7699
7717
7753
7757
7793
7829
