736696527809033781
-102124828692619449327
-240058711944900483822
-319395439587072273942
328886906184641243637
-360368179007607242862
-371393989222449330219
-492417026465535040342
-669781416809603385534
-864355892268454968267
892653385915063313973
-944352480506339951919
-1240131156888705633942
1288439306819962183458
1482231156933277429653
-1519482373512326692902
1560654821660574964626
1653204106852181465178
1711985409609163718837
1755543881838894608226
-1798879626919160154774
-1810925919220103665254
1897214417553582225698
3078579725363873820738
3137744668005962510837
-3215408509511664703263
-3292228559518741007919
-3299295206148427030974
-3391499215430504930763
-3481201892680520905782
-3492104938131898450219
-3725941119113461223019
-4314383315976157512363
4413178475000135902581
-4461140916498405415614
4471115770021619217858
4664738818607684482913
4667923029630608426058
4711021134005976738273
-4793526510400848910734
4820343154860852566753
5345323642577868987362
-5630413894920868874862
-6012204632832245284399
-6269389137020684136334
-6456390561169177202662
6887686406979401878101
6979829033912508312138
-7375921649048983103499
7432178819147876091573
-7681651943908893058719
7867011607363380864821
-8090719477411963252459
-8139671926369634470539
-8360088384238064992782
-8807021174095435093899
-9043128503136816544363
-9315635584189762649547
-9528325534823995388907
-9643064550760742392863
-10436646665253371264559
10499517788782068917013
10523740810954037822298
-10624070093245679227638
-11925476319604028443119
12163218175451836776762
12700498157929062133578
12712068736781787047106
-12788443543103221941582
-12879964673365525042494
-13137325651839701649222
-13293290609487064941727
-13374975213172169827659
-13689137912577029024854
-13711473426509433906699
13733793817162156933338
13841796116855087857362
14015999314655603480178
14173061482511339031338
14257462256640316909338
-14259641108356681769862
15032176962381510249461
-16372675868936936888427
16386318328170855385953
-16461373409656542041547
-16464718749427622265163
-16541592508983601829382
16599652793994826730001
16625701942012210118346
-16665707683609141312038
-16819831169804209854879
16823990051648676733653
16874806990476516969498
-17144659057891786105414
-17383183318122844438827
-17395912489407356838054
-18137265870157880531787
18185689123204836721626
-18528862443290391474942
18622332691824414387362
18873424994896787409237
-18925676518812519563679
19290955624581875411826
-19307505620539650026799
19327554869369593089906
-19351831372502146317102
19684040720961522817941
-20105376828652010034022
20126201031113409787362
-20132492495508728348494
20380607982783279479061
-20401915111808108923734
20457942110294666686458
20529114981293519478306
-20912977144148911253707
20956221262469098698741
-21073200504444660152607
-21439799102830929768238
-21868685472443529967599
-22000557845459283008022
22028786300365312590837
-22338859166143005084363
-22465161088071081144102
-22484573266096549920342
-22673700055087887837163
23042815565025725119338
-23083297011419662537014
-23911598534862599767947
-24030396460693847456622
-24364692580987188238059
24414504619410838140021
24947587581796645360338
-25981619591193579801774
-26318693264209544596767
-26350412609643048713259
27050333123692469003738
-27816691910933283900462
28037868218234563252586
29612218877236721613186
29926872636153465997841
30238626077561017331826
-30264943526483079305502
-30759010311888095705934
-31150568520864513702238
-31241245643329739507334
31305006840887506221962
31489023546989032886241
31848831720111857546901
31908779288172348713762
-33264194085650216212638
33590587478513558572053
-33621454889162109914494
-33925957536127739381934
33970344925560484346337
35131661214389272551762
35799386430196250557137
35842285041878202605058
36010534148829592038258
36501792691413974380962
37423050160136631378426
-37593247893782161218174
-37836874564274477977038
37852389225674723264658
37874740085241562518741
-38479885697230846884342
38872403273050760455521
-39459648245538020128239
-39478515654920260906182
39481024928608575029237
39633138142112893987362
39825878819199949473762
39860521500611231982837
40417743084699130688226
40522430735903029854666
40564784578958363095146
40653144516752982759506
-41089519264523248783147
41867034815379468829137
42118702578474274461137
42500332188259155422901
42533478674130768698421
-42735848434341544116822
43402814321306052620178
-43820444416566395525134
-44019937155022711921134
44941939167090822264213
45030920601508726976978
-45105070233034533632454
46670919718169100501306
-47411236980596914400574
47671813154089941626337
-49107516062643289092127
-49237953622379912996127
-49301338603614071966238
-50026279869427607286294
50347509517082520358962
-50477808664433453902038
50538493123576150889313
-50661127145438132993934
50834770532326546074837
51755107265778838220181
-52434049802830550981214
52655740254873875325461
-53012686163347681189614
54039966662012862787362
-55563200823613358259774
-56419385292728598742047
56744236524067052757813
56946997875009097696737
57806489323212980622261
57937594416820319274762
58554249491921977441013
59256870592017158080746
-60864336705634178319174
-62438096554379923170987
62946396729358673322762
-63122464066013463592863
-64095405496409414986287
64883363807698500105338
65282103756563436607098
65321104587076358837141
