0101010100101100001001111101011011001101110000100010110011000000
0000010010111110111011000101011101111101010000011010110010000011
0000000000000000000000000000000000000000000000000000000000000000
1110010000110111011110110011101100000100011001001101000000100000
1101101110100011110011101011011000100000111011101010010101010111
0110110011010011111100110100010100001011011100010110000010011010
1100011000011111101111000000010100000110001011010100000011101101
1110100000110100011001010011101011000100001100111011000000101101
0111010001010011001010100111111011111001110010001010000000101101
1010000101110100101100111101111010111110011100101001010110111100
1001111000101011000010100110110100101100011000010110001000100010
1011010000000000100000110101001101011001010110110110000100110000
1010111000110111000111000110100001001100011001011101111010011001
1001111110011001001001110000000110111011000100101101011011111101
0111110001110111110110110011100001011001001111001110011111101100
1100000101001011111110110010100001111100010100000101110001001110
1011100011011111111010100100110100101011100101101011010011011011
0100110000011101000011100011101101010011000100101010101111111011
1110100110000101010111101001110000111011010110101001101101100010
1000000011001110111101001011101010000001100001111001011110101001
1010011000110111111010100111011010111110110000000000110010010110
0111011000110110111100110100011111111100011111111011100010000001
0100010001111100010000000000001011001111100111101011111001010111
0101010000101101001011011010010011010110101010000011100000001001
1101100110001101111011100000001010100100010001111110001110000111
1001110110010011000000001110110101101101111010100000010111100100
1100100010010110011100000101101100100111000001010010111101101100
0110101011001101001000100011001110010101101101001000010000001000
0000010010100100000011000011111000111111001111100110010011001011
0110110011011101000110110110001101011011110110111011001011001001
0001011110000110110010011111001000111100110101101101100111111111
1101101000110110111100100100100010001101110101100001101111010110
1110110100010001001110000001000100111010001011001100001011111010
1011110100110001101110110101100001100011000100000100010011100101
1001001111011100001111100110000111000010111010111010010101001000
0110110011011101000110110110001101011011110110111011001011001011
1011101001011011110100000011010010011010010000110110100100000001
1001010010011100101110100111001100111001010000111100111100110001
1001101000110010000000100001101101011100111011000001100001101101
1101111011001110101101111010101010100100111101010111101010101010
0000000010100111111001000010000100001101110011001101011011001100
0001110111111001011000110001100011110111011101110110100110010101
1011000011100010010000110111110001001100110010110111101010000101
1000110100010011100000010001110010000000001110101100100100011011
0001011111100111011100011101010101010010111111110001111001011100
0100000010100000101011000110110001011001001000001001010010100000
0110111101101000111011110000111100100010111000001001100011001110
0100000011000001000101000100101100110111000010010101001100000001
0010001001000100001011110010000110111001000111001100010011101000
0110010011010011011000001111111110000111000110000000000000010110
0110100000010110111010011000100010110111101010100001110110110111
1110110101100100111011011101110100111000000111001010110111000110
1100111101010101011100101001010011111101111111001011010010010110
0000110001110110110010111100110111000010011001110000111100110001
1101111101111111100011000000110001011011100111000101000111100111
0110010001110100010011111010111000011001110101001011101000011011
1100101001000000001000001010100001000011011001110100100110010100
1011001100111000001011000110000110011000011100110010100110110001
1011000011011111110101110010001101001010001100110000101000010111
1001000011010100101010111110000110001010101011110010001101001111
1011010110111111100110111010001101100101100110001111010011101010
0000001001101011010101001011101100101011110100010111100001111110
1111101010000011001100101101110010000111001011110110110111011000
1001101001111010111011010101110010110101111010001101100110000110
1111111111000100110000010001101001111111000000110100011100111001
0000000000000000000000000000000000000000000000000000000000000000
1000100011001101000101000110111000011011001110001101101000110001
0100000010100000101011000110110001011001001000001001010010100000
1110111011010010000011110111101100101001001111010001100001010011
0111110001100000000011101100110110110000111100110000111010100100
0000000000000000000000000000000000000000000000000000000000000111
0110000110100111001001000011000010111010011001101110010011110000
1100110111111011000010010100011110100011000111101111000010010100
1000011101000101110100100100001000100001011110101010000101111110
0101010110111011011000100011010001101101010001101010101110011001
1010001001011011100110010001100000100001101100011100011110100010
1111010011101000110000000111100011101001011111110011010001111001
0000000000000000000000000000000000000000000000000000000000000000
0111010000010110010111100111000101010110101100001001111010000110
0001111110010001111010100001100100100111101111001110001010111000
0101101010011001011101011010010111110001011110000010011100011000
0101000001001111011111011001110010001010011100110100110110101000
1000111000110010100010001000110011011100010100110010010110010000
0011011101101100010101100111000001001000001010000011010111010001
0000100110110001101010000001110001110011000000000100101111000011
1011110000111110001111001010100001010110000111000011000011111100
0001001111100111001000011101010011100101110110111110110110001001
0110111011001101011100100011001000100010100100000111011111011010
1000111010100110000100001101010010000111110011010101000110011111
1100111001111101010010100010001000011111011101110001010010010110
0000000000000000000000000000000000000000000000000000000000000101
0110000111010010010111110010100001010101100110100101010110001001
0000000000000000000000000000000000000000000000000000000000000101
0001000000111110010110000000001101011001011110010010000100101101
1000011100100100110001001011000110100010100111111011100010011101
1000111010100110000100001101010010000111110011010101000110011111
1000001001011101101101011110001000110100010100010111110101111100
1101001000111000111011000111000000101111110110010001101110001111
0010011110101010000110111001000010001111010101101000011001010101
1010011100110110111000000000010010100101101010100001100001011010
0010111010010101000000001100110101110110101101110001110100010000
1011011100010001001010110000000010101000011110101101110000101011
0100100110110101001111011110101111011100111101101111101011111001
1100100010100110110100011001100010001010010011010111111011111011
1000011011101110110000101111110100001111011011000010111010111101
1010110010000011001010010000011010111101001101001000110010010110
1101101001101001011001100010111001100000110100011110110100110101
1011110010100100010011001101011001011101001010001001011010100010
1000000001000011001101001001010100011101101100000110101000111011
0000000000000000000000000000000000000000000000000000000000000000
1011000011011111110101110010001101001010001100110000101000010000
1010101001000001001000011011101101111100101001110000001110100101
1101000000000010110001001000101110111001101001010100011101000100
0010110101010110111111001101011111110110101001101010101101111010
1000110100100011001000001101111100101101011100101001100010001011
0100011101010011110001000001000010111101100100010011001000001011
0011101111011111011110011010010101101100011111000110101001011000
1101111100100011110001011101000001001101100000010101010001010101
0000000000000000000000000000000000000000000000000000000000000010
0100011111010000100010011011110100001111110000001010111101001100
1101011111100110110101111101011001011001000101111101011011100111
0111000000111100001010100111111001110000011011110100011000001000
1100100111101111001101001010110101111000001000111010101111011110
0001011110101100010000110010100001000000111000010010110011100011
1000001100001101000010001010000000000001100101100010000111000011
1001110001111101011001000101110111101100100001001011010010001001
0111100010011000010010110010111110011001110100000110111111011000
1010000000111101001100110100111100110010110100001111001000011111
1001100000111011111110000100110101110001000011100011100000100010
1111000100000101010011001101011101011010111000110011011100010110
1000001100001101011011010000010001111111010110101001001101000010
1011010111100011101101111101101100001101010010010100001111011100
1110010111011010110000100011000101111110000100001001001000011110
0101011101010000000010000100110011100010000100000110001110110001
0111010010100101000111001100101110100100011001011000110000010110
1100011011110011110001000000110111110100001100110111101011011001
1010101101101010011010100110001110001000111110101000111010110100
1001101011100000100111010010001010111110110111000111111111011010
0111010101101111000110101000011100001001100101100001101000110100
1101001100111010001110111011100011001111101010011111110000010000
0011010001000011000110010001001010101001001001111101010101001100
0010110000000101111110011000101101000110101101111011011000010111
1000001100001101011011010000010001111111010110101001001101000101
0010100011010100100011101010110110010110011101010110001110100010
0000110100000001101011000110110101011110111010110011010100010001
1110101011101100101110000100101110001110001101111011011000000000
0000110100000001101011000110110101011110111010110011010100010011
0010010000011111111011111111110011110110011011011010110001010010
1001110101100110111010111110001011001011010111011101101010001001
0101001100001100011101000011010100111101111001010010011101010101
0000000000000000000000000000000000000000000000000000000000000101
1100001110000111001011100001011000100100100000010100000001111101
0011001000101011011011101100011000100011000001000111001111110100
0011100011110000001101101100011110001101011100111000101011000000
0101000001001111011111011001110010001010011100110100110110101101
0000010001100001111010000010011011011001000011010011010001110011
0011000101101011000101000000000110000010010001000011010000011111
1010101110011100001110010111001010101011100110110001000000001001
0111010010101000111000100010011110011100110101011100000111010111
0000000000000000000000000000000000000000000000000000000000000010
1011011100010001001010110000000010101000011110101101110000101001
0011101010001111110001001110011101011001101110110011011011100010
1000100001101010111100000100111100010110111101000000110011111010
1000010001111101010010001101010100101001101110101010100010101001
0010111110100111101111011011011010101000100011111100011111011001
1001111011011110111000010110001010001010110101101011110101001010
0101001010011001001011010110111111101110000100010010101101010000
1011011010001001111010010001001000111101111100100010111101101011
0010110101010110111111001101011111110110101001101010101101111111
1011011111010100110011110001100001001110010010011000110010010001
1011110010100100010011001101011001011101001010001001011010100000
1001110010101111001100000001010010011101101101001011111111111101
1010100001111011110000100011000001111001110110110011001110101010
0001110111110111010000000100111000110100110111011101011100000101
0001010101110111010000111110001111110001111111111101100110011010
0100010110111000000000001011110011011111000010110010010001100001
0110100111010010101010010011011010100111001111111000011110000011
0000000000000000000000000000000000000000000000000000000000000000
0100000111111110100111001010110001000010100000011010100011001000
0011100111101000000000010110011000101111011111001010010100010101
1110100001100110011010100001010001101111010010001011100110001100
1000001001111010101001000111000000001110000110100111011100100101
0000111111100100001011100011001110000001000101110010111101101101
1010010100110001001110010000010001001011111000101000011010000010
1100110001101101010001101101011100011000111100000110001100000100
1111110000010000001000111000010110000101110111010111010011011010
0101101010011001011101011010010111110001011110000010011100011111
1111111111110111101111010110001100101001010100011110010111111010
0101100011110001111111001010010000100001101100111010110000110111
1101110101010001011001111100100001001100001101010111101111110001
0101001011011111111000010111111011000100101111110101010000101011
0001111000110100011101110010010000100111110011000000110110101011
1101111001101010010001010100000111000001001000110011001111110001
1000001000110010111001011110001100001010110100100110100010001100
0111000001011101010110010010100110001101010001101110110101101010
0011011100011001001011010110100010100111110101001000010010101111
0000000000110000101000011100001110101101010010000101000110010111
0011000001111101011001010101001010011101001011010001011111011100
1110010001110010011010101001000011010101110100000101110000001010
0000000000000000000000000000000000000000000000000000000000000101
1111001101101110011111011100100000001111111111101111110111101011
1010001111011001110111101100011110001000100010100100111000101110
0111110000001111001110110110100011110000101111001010100111010111
1000001000011011110101110010011111110011001100111101110001000000
0111110011111010110100000110011101010110000010110111011010111000
0010000110010011101111101101000001010101000101001101101000011111
0000000000000000000000000000000000000000000000000000000000000000
0000000000000000000000000000000000000000000000000000000000000010
1010000101110100101100111101111010111110011100101001010110111100
0100100010000100010111010010101011111001110101001101001101100100
1110110000001010101101111010111000011101111101011010110011111111
1100110011001010101000101111011000010101001111001011010111001010
0101011010010100001011010101011010001100010010010100101100000001
1010111101111110111110010101110110111110000010110000101110111001
0111100101011111011110001111111110011111100100111101100011111111
1110001001110110001111100010101101110111101001101100001001010110
0000000000000000000000000000000000000000000000000000000000000101
1100010011100011011001100010110000011110011110001101001100001001
0011101001001010100011100010101101010010010001001011100000011010
0011010110011101110111000110000110000101000000010011010110110110
0101000011111100001111110010011001111000101001100101111100111000
0000110010110011001011111101010100100100010101000101111110001001
0101001100001100011101000011010100111101111001010010011101010111
1101111101110001000000011000111001110101111110100011000100110010
1011000111101110011111001001001011111100000100010100111101001100
1110010000110111011110110011101100000100011001001101000000100000
1011110010100100010011001101011001011101001010001001011010100111
1011111001100110011100011100111001010101010100110101100011000010
1001000100001001110101101000110000100011010111111000001001100101
0100111110001100010100111101101110010101101101001100101001110010
0010100011101010000011000011100011111000100101111000110010100111
1110110001111100000100010000110000001001000100111110111011010111
0000000000000000000000000000000000000000000000000000000000000000
0111110001011101001101000100011001011011110001111010000001110110
0001110111111001011000110001100011110111011101110110100110010010
1101010111010010110111000111101100001100110000010011010010111110
1111000011010101101010101111001010110101011011110110100101111011
0101111111010000011011100100010101011001111111101101111110101111
0001101000101110000011000011110001000001100101110101101011110000
1010111100100010000111100101010101000101110110101101000001001011
0111011011011010111011101110101101110000101011010011000000110001
1000101111001000000110101010011000010101000000001010001101110110
0000000000000000000000000000000000000000000000000000000000000111
1110011001111011010110111011011001101011001100100001000010000100
0111000000111100010011111101101000001110101000111111010010001110
0010001011011110010111110101111110110010001010000110001010110100
1000111000110010100010001000110011011100010100110010010110010000
1111011110010101100000000011010010100011000010111101110101000111
1100111010101111110101010001101111111101010001110111001100100001
1011110010100100010011001101011001011101001010001001011010100000
1010101010001001001110110100111110100010001001000001111011011011
1010001111110000001001110111001111100010011010111001011000100110
0011111101100010001011011110110010010100111010111000011100001100
0011110001111110011110110101001101011101011110100111011111010011
1110111110111100001100001010110001110010000110001010101111101100
0101110111010111110100101110000111001001011110101111001111110100
1110011011001011101000010001001000011100001100010100001111000100
1001110100110111100101111010001001110110111100001111111000111100
0001000001010010101100000001110011100010001011000111010100001010
0001111010011101110101011111011110010111011001101101011101110110
0001000110110010010110010010111001001101001001001010010010110111
0000010110110001101000001101011111011011010011011011010001011001
0101001011011111111000010111111011000100101111110101010000101100
0100110000001010000100001011111000101001110111010010111001110111
1110110100010010111001011010101111000001001101100011000110101100
0001010100101000011110010101000111110001001101001111000100111011
1101101001101001011001100010111001100000110100011110110100110101
1100110001101101010001101101011100011000111100000110001100000100
0000110011100010001101100011000111100111001101011100100110111010
0100111011001000010010000000001001011111011010100101001010010100
0010001110010100011001111101000010111011010111000100010011000111
0011101011111001000001111110000100110011100100011100011001001110
0111100000110001111010011111110000101001011110101011010100000010
0001111010011101110101011111011110010111011001101101011101110100
1001101100111101001010110011111110000100001011001011001000110011
1011011001011000110011100011010101011010000101000000100100001001
0110010100110000111110101010001100111110110001101111110010111010
1000100110011110000100010011001010101011001010011100011101011001
1110000011101000100000011001111111111010110000000110010101000111
0110100001101110011011000111110001100000111001101110000100001000
0011111000000010001100010110110100001100011001001000101000100011
1011110010100100010011001101011001011101001010001001011010100000
1101100001111001110001000000111110001010100110100100010011100000
0101011101010000000010000100110011100010000100000110001110110001
1100110001010011110001000100001001110110000100101000110000000011
0000000000000000000000000000000000000000000000000000000000000111
0001001111010111100000000001011101001000100100111011110000011011
1101111101110001000000011000111001110101111110100011000100110010
1010110111101110011001011011111111110000110001110001001000111101
0000000000000000000000000000000000000000000000000000000000000010
0111010011000111101100100010011010100010010101101101010000100111
0010111100101010000110000011110101001010011101001000100011001000
1111011000101010010100111011010000001100110010000010010001011100
0001010111001010010001111010101110111110010011001100011100011011
0000000000000000000000000000000000000000000000000000000000000010
0111010000010110010111100111000101010110101100001001111010000100
1100000000101011111001111010100111100100110111110101000101100001
0011000100111010000011011110010101000001001001011010001000101001
1011101010111010111110000000010010111101001000011100000010110001
1000110111100101000110010111110100110000010110110011101101100111
1001001101100010100000100011011100001000100011101111101000011001
1101100001111001110001000000111110001010100110100100010011100010
0111011110101101100010010100101111101100001000010000101000010110
0010111110011001111101000101001101010101011011010100010000011010
1011000011011111110101110010001101001010001100110000101000010000
1111011101101101100101011101011100111101000011000100111111101100
0110011101001111101001100101011100000111110000101001111011011111
0110110010101000101010110000101100100111001001110110111101110011
0000000000000000000000000000000000000000000000000000000000000010
0100011011010001100000111100111100010100101010101011101110000101
1001101100111101001010110011111110000100001011001011001000110110
1110000011101000100000011001111111111010110000000110010101000010
1010010101011110011010010000010101110101011000011001001101110000
0000111101000000110111001101100011100100110000010110011000110011
1001001111001011001000001110010010111000001001000010000011000100
0111010101101111000110101000011100001001100101100001101000110110
1100011000011111101111000000010100000110001011010100000011101101
0011010000111000111011111000100001101000101111010000010011100101
0010100011010100100011101010110110010110011101010110001110100111
0001101011001100010101110110001001110000001000111101111001010110
1110010110001000000001100110111101000110011010111111011101111100
0000000000000000000000000000000000000000000000000000000000000010
1000110001111101011101011011101101001000000111110001011001100111
0000000000000000000000000000000000000000000000000000000000000000
0100010100001011100010010111011010111110110111100101101000110010
0000000000000000000000000000000000000000000000000000000000000111
0111000111111011000110011010111001110110001011001111000100101111
0000000000000000000000000000000000000000000000000000000000000101
1010101010011101001100110000000010110000111100010000010011000111
1000100011001101000101000110111000011011001110001101101000110001
0000000000000000000000000000000000000000000000000000000000000000
1101100010100101011110000110000010101011000000001001110111000010
1111011000101010010100111011010000001100110010000010010001011001
0001000001110101101000011000111011011000011001110111111101010100
0100111001100001111010101101000111101111110000001000100001001011
1001010000011111010110010000101001100110110111101000110000110100
0000011011100101011111001000101110000101000101000011011111101001
1100010011011101111001001011100101110000100110100011110000001001
0000000000000000000000000000000000000000000000000000000000000000
1001100111000010001011001010110001100111011000111101001010000100
1001000000100001001001010100101001010010110101000100111010100110
0100111001110110010110101000000001111000110000111101001110000101
0000000000000000000000000000000000000000000000000000000000000000
0011001011111010111001110011010110101001001011101000101111010001
0001011111001101010101011101101111000011000001000011010100000000
0011001100111101101100010100000111010001101000011000111001110101
0000000000000000000000000000000000000000000000000000000000000000
0001101001001111110100011011111101010001011100100010111111010101
1101111011001110101101111010101010100100111101010111101010101010
0010110010101100001111101111110010001000110100011101111001001110
1111011110010101100000000011010010100011000010111101110101000010
1010111011101011011010110111011111111110111111110110101101111101
1011000110001111000011111100010100000001001110001110010000101110
0111001000100001110110000110011101001111010110000111110001011001
0000000000000000000000000000000000000000000000000000000000000000
0001101011001100010101110110001001110000001000111101111001010100
1011011111010100110011110001100001001110010010011000110010010001
1101100111011111100001001000100001110001111100000101100010100111
1010011111001101111000110010110101010011101101110001010101100001
0000010010111101100111110011100101101011100101111000000110010101
0010100011011010110010000101111100101011000100110110111110110100
1001110001111101011001000101110111101100100001001011010010001100
1001101001101101111100111101100111001111001001110101110000001111
1011111010010000001000101101111101110110001100101100011001111010
0101101010011001011101011010010111110001011110000010011100011000
1101111101111111100011000000110001011011100111000101000111100010
1000101111001000000110101010011000010101000000001010001101110001
0011110001111110011110110101001101011101011110100111011111010001
1011110110101000011100110011100011101101111100101010001101101100
1111101100101011111111111101100101010010001000110001000101001101
0011110111110010101100010000111011011010001001111001111010001000
1010110111100011111111101111011110110110101110111110110101111000
0000010001100001111010000010011011011001000011010011010001110001
1001010010011100101110100111001100111001010000111100111100110011
0000000000000000000000000000000000000000000000000000000000000010
0111001010000110100100101001001010101111010110000111010011010000
1100000001011101001001001010111110001110111101011010000111001111
1001101111000101010110110111100001100100111001111001001000011110
0101101111011110110101100110001010111110011100001111111000101011
0100010100001011100010010111011010111110110111100101101000110101
1000010001111101010010001101010100101001101110101010100010101001
1010001001111100111011010010111001100101001101100111111101111000
0000000000000000000000000000000000000000000000000000000000000010
1110111011110101101100000011110111111110101110101100110001001111
0010011010101011000100011110001010010100001111001001001010011110
0001000001110101101000011000111011011000011001110111111101010100
0111010001010011001010100111111011111001110010001010000000101101
1011101010111010111110000000010010111101001000011100000010110100
1010000100000010000101010111110010101010100101001101011110010001
1100010111000101101101101011110010101100010110011010000101011010
1110010110001000000001100110111101000110011010111111011101111001
0100010010110111010011000011110001111001000001110011110010111110
1100000111001000110100110010000110110000110011010111001110001010
0100010101000000110111100010111111010010000011001101101000001011
1101000110101010101001110101101010000001011001011110010110010011
1110000001100110010101110111101000001110111011010000011101000101
1000001000000001001101110100111010110001010011000001010000001111
1001011111100001001100010100111111100000001101110100101011001110
0000000000000000000000000000000000000000000000000000000000000101
0111000011111010101111010000100010000000100010100011101110100011
0100111001110110010110101000000001111000110000111101001110000111
1110000101100100001011100110011000000011010100010011111010011010
1100100101000101111001010001000011011110010111110101110000010010
0010110101000010010110100100110000001001101111110110111100100001
0000011000100000001101100100011110001110111010111011100100010100
0000000000000000000000000000000000000000000000000000000000000000
1010001001101011111100111010101100011111111110011111101011110011
0001111010111001000110011101111101010110001101110010111001111110
1001110110010011000000001110110101101101111010100000010111100001
1101111111010101100101101100000101101110111000001100101011101111
0010000000111011000101100111000111111110110101000001010000001110
1001111001100000111100111110000010101101011111110011110001011100
1111001001101111011101111011101000010100100101001110100100100111
1111010100011111001101111100111100111100101110000110000001001000
1001100110111010000001111000110001011101111000111111000001111100
0011111001111001110001111111011111001101111111100101101110001010
0000100101011110101000110111101010010111110010000101110011100110
1011000101101101010101001001101100110000100011000110000010001101
1110110100010010111001011010101111000001001101100011000110101100
1000100011001101000101000110111000011011001110001101101000110100
0101011010001101101111100101000111011000111000001010111001011000
0110010010011000001101111010011011101011110010101000000000101000
1111001010010100000100010011011110011100010001010101011010011101
1100000100010100011011110100111010010001010101111010101010101111
1111111100110001100001001100000100110100011110000100011000010011
0000000000000000000000000000000000000000000000000000000000000010
0010011010101011000100011110001010010100001111001001001010011001
1110000001001100011100110111010010011111000101100010110000011100
1101010011100000110011111101010000111111001101010011000000110000
1110010010001001011010011011100100100011110011010101000100110011
0000110111100011010110011110011110000010100100110110111111110010
1001000000100001001001010100101001010010110101000100111010100011
0010101111011100000110110010110111011110001100011110010110100101
0100011111100000111000110000111000110001100010001001001000011111
0100111001100001111010101101000111101111110000001000100001001011
1110110001111100000100010000110000001001000100111110111011010000
1000011011010000010000000110100001100001100011101100000110111010
1111001001100001111110100011100000111010111100101000100111110101
0000010001011100011111000111100111011111111101010100010011100100
0101100100000101110101101010100100001111011011100000101101010101
0010111110111101010111011101111111101010111100000000111110010100
0000000000000000000000000000000000000000000000000000000000000000
1011101111100100000000111011010000110101100000001001000000011111
1110010111001101000101111100010010010111110111110111101101010100
0011110111000001011000111010001101100001101110011110001000001100
0010100011010100100011101010110110010110011101010110001110100111
0110110101110101110101100110011010001110110101111100111001011001
1011110000110011011011001001000010000011011000001010001101111111
1011001011010110001011010111010101100111110100010010101001011111
0100100010000100010111010010101011111001110101001101001101100110
0001111110010001111010100001100100100111101111001110001010111101
1010101001000001001000011011101101111100101001110000001110100101
1101111010001011011011010111000111100110010000011001101001000001
0000000000000000000000000000000000000000000000000000000000000000
0010111100101010000110000011110101001010011101001000100011001111
1111000000100000111011110010100111111110000101000110100001010001
1000001100001101011011010000010001111111010110101001001101000101
1000010001111101010010001101010100101001101110101010100010101011
0100010101000000110111100010111111010010000011001101101000001001
1110110100010001001110000001000100111010001011001100001011111000
1110011000011001001111100010101111111110000000010010010001110011
0100010010101101110010011111000101000101101101000100011001110010
1000111101010010001110101101100110101001000100001111011011111111
1000000110000111101111110101101110011110001001011001110011001110
0110000110100111001001000011000010111010011001101110010011110000
0000000000000000000000000000000000000000000000000000000000000101
1011011000001001101100100111010111100111101110010010110110111001
1100010011011101111001001011100101110000100110100011110000001100
0000111111100100010010111001011111111111110110111001110111101011
0111110111001011000111100111001010011110111001011000000101100111
0110100110000000011011010110100010011111010001001110001011100100
0001000101100000110001100001011110101111000101001100001100000010
1000110000011100110011011001110000100110001101101101000111000001
0010110000000101111110011000101101000110101101111011011000010010
0000111011000010010100000111011111011110111110101000001101111011
1000000001000011001101001001010100011101101100000110101000111001
0001001100111011001100110110111100101001100011011110101011101110
1000111000110010100010001000110011011100010100110010010110010010
0000000000000000000000000000000000000000000000000000000000000000
0000110111111010000000011001000001000101001110101110011001101111
0010001000100101010111000111011001000100001101010110111110001111
0001010101111001011000001011010100110010010101010110011100001101
0000000000000000000000000000000000000000000000000000000000000101
0111011110010000011110001011000010010100000101011100100000000111
0001111111110011111010100010000011001100010000110110010011001001
1000000010101100001111111111001111111001011110000111110100011110
1010111101111110111110010101110110111110000010110000101110111100
0010010001011010111111100101011100100111110110010010000001111010
0000000000000000000000000000000000000000000000000000000000000111
